16.4913892534 17.4144074099 -2.75405542848
21.2698637443 -13.4051484108 1.41726219126
27.6005390098 32.4242692172 1.94618409925
-22.5060938397 19.3065549577 -1.10934801763
38.5047607341 5.53236169966 -1.21717989859
-21.8005472706 20.6214371519 2.56824123474
0.669827704911 -41.1113220465 1.51744893539
-19.4311931249 -39.7143398378 0.11493710111
-1.42564550901 -39.4427044083 -0.00634651193134
30.0452577594 5.18311614748 -0.76073894273
-11.602192317 -13.8541325747 2.46958539083
-44.979033336 6.64006960297 0.721164796326
-7.78967526982 -42.3530840098 -0.691095743045
-28.8608225876 37.5465373158 -2.9868714912
-8.8120763391 28.2220976405 -2.03830566865
-11.9870359001 -2.27675520604 -1.83583247666
33.0075930305 21.2949133977 0.00282566407462
-9.80753836471 43.6001268868 0.858064394184
24.4961342484 -38.1233323223 2.46938722455
-15.8999327089 -44.0605067093 -2.22802933855
-5.77181217493 -45.6903192861 -1.0247683824
-10.0015636623 27.1855859346 -2.41218811511
-11.6984032128 8.65921621421 -1.79069590864
9.05107997907 -0.993943309239 -1.31503304918
44.8687904949 -16.1984726579 -1.56132253514
-30.6458553254 33.4720058737 -0.636745422615
-11.9870359001 -2.27675520604 -0.423450448607
7.31928385486 -16.7404593425 -0.519912010504
-34.3323359795 -26.6370341619 2.4747534542
2.25217667664 8.24230234775 0.366340272244
7.49951817992 -44.8754129977 -2.39035232854
-35.4576827055 -26.0549582416 -0.713007268337
46.304577697 -3.9748783318 -1.00167867978
39.8629378172 18.6872774983 3.05846884911
41.0658946622 -1.64657465062 1.16469653309
-15.6282972923 -41.3441524146 2.24505957949
39.9017428767 -22.6401128425 1.89718396165
33.4565772109 20.9421401261 2.83056517699
37.3794140081 -25.8997379962 -0.12928842789
44.2867146021 -3.47041253421 0.562573407842
25.4274556768 31.7257781128 -0.68004992487
2.10561490704 -44.4097522615 2.47312155301
-34.2117528274 23.0587797558 2.97391036777
23.7713470348 23.3474124326 -0.936762961196
37.8062696628 -20.3506142227 0.710204988059
9.05107997907 -0.993943309239 -0.0312156574295
-9.16484962366 19.9479609061 0.166539009916
7.864478931 32.1346739257 0.578172008088
5.61955802926 -34.4753338158 -3.09633976939
-38.5232824074 -9.05834136902 -1.50418553548
15.3689288025 34.7323680167 1.53022351953
-20.6729550295 -39.7143398378 -2.35553232392
-37.1827439632 1.52485703906 -1.85725423373
26.9783768944 15.2656974827 2.83275574347
23.7072064376 26.6506530669 2.5948730561
-38.8760556822 5.58174976216 0.172051134272
39.552497341 -12.1627462773 1.81378033951
8.12104131977 8.85163799873 2.86351468268
17.8383417945 -26.8105327324 -0.682189212603
-8.55551395033 30.6594402444 0.701177487311
31.0541893068 -34.786097046 -2.93312098077
-12.1473873931 17.7671806815 -0.813238473589
29.0751312714 -1.49135440521 -1.95450077833
-14.6488706836 18.3765163325 -0.812269953628
-18.9267273512 -24.5415608488 0.841798851634
25.2722354388 32.3078540331 -1.88126865699
0.520380552435 14.2715182627 -1.60194849164
41.9584110311 -12.5507968908 -3.13393238881
-45.6140252306 -1.08566523493 1.14404412807
33.848153592 31.2601173766 0.891025835003
8.47381460433 0.160587397884 1.93852324535
-35.4576827055 -26.0549582416 1.42015632671
-40.710476711 -9.72861060153 1.2511676067
-22.6908181244 31.7257781128 0.591000572132
7.63998684083 -31.3965852635 -1.97835154294
27.2124884146 -35.9890539479 2.84682105006
-28.8996276471 -36.2994944387 2.77496178011
-23.5833344933 -34.7472919846 2.20079062786
-45.3670839382 11.2613995745 -1.89541815381
-9.16484962366 19.9479609061 -1.84393954194
-1.88489184229 -8.04940874166 1.34576767194
17.8383417945 -26.8105327324 2.40642631105
-29.7860516211 24.598154032 -0.978224628033
-11.9870359001 -2.27675520604 1.48432270114
-35.4576827055 -26.0549582416 1.36453449019
-9.16484962366 19.9479609061 2.66196489835
2.92565294716 6.44636569222 -2.89956579604
4.30467578681 -3.46335621059 2.725856599
46.304577697 -13.4821183632 -2.58793733274
-7.44042973416 43.3672965187 -0.886071326124
-9.16484962366 19.9479609061 -0.781971630228
-23.0012586005 -25.2012468918 3.12326672436
-41.3807459331 5.75813640229 -1.55722036843
-22.4740235412 19.3065549577 -1.92211697162
-23.2340889576 -38.744213304 -0.137054739619
7.19100266048 -15.8424910147 2.93787379176
-23.8549699099 31.7645831742 -0.910362024639
22.517076213 39.0987397699 3.01990055284
1.83526279489 8.43472413227 -2.21230106123
32.5287815685 -34.1652160643 -0.723861023093
